%YAML:1.0
calibration_time: "Tue 19 Oct 2010 11:14:30 PM PDT"
image_width: 640
image_height: 480
board_width: 6
board_height: 8
square_size: 1.
aspectRatio: 1.
# flags: +fix_aspectRatio+fix_principal_point+zero_tangent_dist
flags: 14
camera_matrix: !!opencv-matrix
   rows: 3
   cols: 3
   dt: d
   data: [ 6.7627474874870518e+02, 0., 3.1950000000000000e+02, 0.,
       6.7627474874870518e+02, 2.3950000000000000e+02, 0., 0., 1. ]
distortion_coefficients: !!opencv-matrix
   rows: 8
   cols: 1
   dt: d
   data: [ 1.7400039006020412e-01, -7.2105042098654348e-01, 0., 0.,
       1.2131859299697700e+01, 0., 0., 1.1355927490659104e+01 ]
avg_reprojection_error: 4.7338926461007858e-01
