%YAML:1.0
calibration_time: "Sat 30 Oct 2010 04:45:35 PM PDT"
image_width: 640
image_height: 480
board_width: 8
board_height: 6
square_size: 1.
aspectRatio: 1.
# flags: +fix_aspectRatio+fix_principal_point+zero_tangent_dist
flags: 14
camera_matrix: !!opencv-matrix
   rows: 3
   cols: 3
   dt: d
   data: [ 7.6068237443913722e+02, 0., 3.1950000000000000e+02, 0.,
       7.6068237443913722e+02, 2.3950000000000000e+02, 0., 0., 1. ]
distortion_coefficients: !!opencv-matrix
   rows: 8
   cols: 1
   dt: d
   data: [ -4.1117660355249436e-01, 2.0273270914883670e-01, 0., 0.,
       1.8517084698318238e+00, 0., 0., 1.9838070717177374e+00 ]
avg_reprojection_error: 3.4270846711264719e-01
