%YAML:1.0
calibration_time: "Sun 31 Oct 2010 12:13:37 PM PDT"
image_width: 640
image_height: 480
board_width: 8
board_height: 6
square_size: 1.
# flags: +fix_principal_point
flags: 4
camera_matrix: !!opencv-matrix
   rows: 3
   cols: 3
   dt: d
   data: [ 6.7735766029408080e+02, 0., 3.1950000000000000e+02, 0.,
       6.7516311387902294e+02, 2.3950000000000000e+02, 0., 0., 1. ]
distortion_coefficients: !!opencv-matrix
   rows: 8
   cols: 1
   dt: d
   data: [ 2.2078424854885978e-01, -1.2189519418678700e+00,
       4.1142572593541185e-03, 4.5531164776104584e-03,
       -7.9033928829883715e-01, 0., 0., -3.0783785489963651e+00 ]
avg_reprojection_error: 4.8261651992797849e-01
