%YAML:1.0
calibration_time: "Wed Aug 25 01:58:41 2010"
nframes: 14
image_width: 640
image_height: 480
board_width: 6
board_height: 8
squareSize: 1.
flags: 0
camera_matrix: !!opencv-matrix
   rows: 3
   cols: 3
   dt: d
   data: [ 6.9822789485339752e+02, 0., 3.1788314645092407e+02, 0.,
       6.9650620302258005e+02, 2.3961639532980737e+02, 0., 0., 1. ]
distortion_coefficients: !!opencv-matrix
   rows: 5
   cols: 1
   dt: d
   data: [ 1.6718219044025884e-01, -1.5387289396965225e+00,
       -2.9516703378445236e-03, 1.8255650586754769e-03,
       5.8486514310616284e+00 ]
avg_reprojection_error: 1.3045679387592135e-01
per_view_reprojection_errors: !!opencv-matrix
   rows: 14
   cols: 1
   dt: f
   data: [ 9.44220200e-02, 1.37793705e-01, 1.16524063e-01,
       1.60433531e-01, 1.23069286e-01, 1.19704567e-01, 1.41331360e-01,
       1.00647606e-01, 1.98699474e-01, 1.49215385e-01, 8.07485580e-02,
       1.12761341e-01, 1.53558895e-01, 1.37485340e-01 ]
# a set of 6-tuples (rotation vector + translation vector) for each view
extrinsic_parameters: !!opencv-matrix
   rows: 14
   cols: 6
   dt: f
   data: [ 1.11220050e-38, 0., 1.09285656e-38, 6.70405568e-39,
       9.64284901e-39, 9.18370376e-39, 1.09285796e-38, 9.27550142e-39,
       1.05612432e-38, 1.01938872e-38, 1.54142831e-43, 1.79187239e+31,
       5.36697312e-43, 1.94944158e-39, 1.92246939e-39, 1.40129846e-45,
       .Nan, .Nan, 0., 0., 1.40129846e-45, 0., 9.38085244e-41,
       4.48415509e-44, 0., 0., 0., .Nan, 2.40609028e-38, 1., 1., -1.,
       1.83940929e+31, 5.36697312e-43, 5.32493416e-44, 0.,
       4.20389539e-44, 1.01938788e-38, 4.22458556e-39, 9.55105415e-39,
       1.08367301e-38, 9.45919764e-39, 1.01020405e-38, 1.01938998e-38,
       1.01938774e-38, 4.22459537e-39, 1.01938998e-38, 1.01938774e-38,
       1.08367511e-38, 9.27553225e-39, 4.22459958e-39, 7.62245688e-39,
       0., 1.40129846e-45, 1.02294788e-43, 0., 0., -1.70141183e+38, 0.,
       4., 1.83706866e-39, 1.47136339e-43, 1.11303119e-38,
       -4.14461909e-10, 2.24207754e-44, 1.24715563e-43, 9.39086332e-39,
       2.16114975e-39, -32., 5.74672500e-42, 5.73971851e-42, -512.,
       5.74812630e-42, 1.14794370e-41, 0., 3.14457880e-23,
       2.34297103e-42, 0., 4.00867558e-25, 2.00039864e+00, 0.,
       7.24494632e-27, 0., 2.38220739e-44 ]
image_points: !!opencv-matrix
   rows: 14
   cols: 48
   dt: "2f"
   data: [ 2.67392883e+02, 9.58774261e+01, 3.03114288e+02,
       9.88083267e+01, 3.38803986e+02, 1.01401703e+02, 3.74701050e+02,
       1.04054649e+02, 4.10733185e+02, 1.06641296e+02, 4.46976105e+02,
       1.09232201e+02, 2.63658112e+02, 1.28828232e+02, 2.99737518e+02,
       1.31639511e+02, 3.36083466e+02, 1.34466675e+02, 3.72424072e+02,
       1.37151611e+02, 4.08796631e+02, 1.39759354e+02, 4.45552765e+02,
       1.42521545e+02, 2.59813416e+02, 1.62516373e+02, 2.96430389e+02,
       1.65471130e+02, 3.33156372e+02, 1.68289551e+02, 3.70007751e+02,
       1.71147446e+02, 4.06962524e+02, 1.73905090e+02, 4.44263458e+02,
       1.76567047e+02, 2.55877182e+02, 1.97225647e+02, 2.93068573e+02,
       2.00104050e+02, 3.30255463e+02, 2.03083481e+02, 3.67622223e+02,
       2.06009872e+02, 4.05028687e+02, 2.08803574e+02, 4.42866394e+02,
       2.11719528e+02, 2.51811951e+02, 2.32721741e+02, 2.89579865e+02,
       2.35720047e+02, 3.27322998e+02, 2.38793365e+02, 3.65127533e+02,
       2.41620377e+02, 4.03171936e+02, 2.44759476e+02, 4.41510315e+02,
       2.47782944e+02, 2.47696838e+02, 2.69297424e+02, 2.85921417e+02,
       2.72395569e+02, 3.24175354e+02, 2.75450348e+02, 3.62644012e+02,
       2.78678314e+02, 4.01309052e+02, 2.81746460e+02, 4.40300354e+02,
       2.85037048e+02, 2.43299255e+02, 3.07060883e+02, 2.82141632e+02,
       3.10206390e+02, 3.21026917e+02, 3.13433624e+02, 3.60130249e+02,
       3.16656281e+02, 3.99464661e+02, 3.20136353e+02, 4.38991180e+02,
       3.23383423e+02, 2.38636673e+02, 3.46104218e+02, 2.78258423e+02,
       3.49353455e+02, 3.17835632e+02, 3.52686127e+02, 3.57594055e+02,
       3.56131195e+02, 3.97522339e+02, 3.59567993e+02, 4.37734497e+02,
       3.63140472e+02, 2.65641510e+02, 9.97781448e+01, 3.00199585e+02,
       9.67653656e+01, 3.35563049e+02, 9.33577271e+01, 3.72165253e+02,
       8.97554779e+01, 4.09919037e+02, 8.62393951e+01, 4.49053955e+02,
       8.26196747e+01, 2.62674500e+02, 1.32767029e+02, 2.97417297e+02,
       1.30084427e+02, 3.33409058e+02, 1.27330315e+02, 3.70479767e+02,
       1.24209969e+02, 4.08982574e+02, 1.21083603e+02, 4.48646454e+02,
       1.17815353e+02, 2.59414185e+02, 1.66627945e+02, 2.94789093e+02,
       1.64401810e+02, 3.31236328e+02, 1.62140472e+02, 3.68780334e+02,
       1.59610565e+02, 4.07756714e+02, 1.57045609e+02, 4.48194244e+02,
       1.54322845e+02, 2.56194122e+02, 2.01627365e+02, 2.91834290e+02,
       1.99910645e+02, 3.29034790e+02, 1.97984787e+02, 3.67089905e+02,
       1.96165359e+02, 4.06642731e+02, 1.94042740e+02, 4.47792999e+02,
       1.92126343e+02, 2.52646790e+02, 2.37454788e+02, 2.89020599e+02,
       2.36281830e+02, 3.26574951e+02, 2.35012527e+02, 3.65358856e+02,
       2.33678787e+02, 4.05453827e+02, 2.32497452e+02, 4.47344788e+02,
       2.30935272e+02, 2.49117920e+02, 2.74558197e+02, 2.86016205e+02,
       2.74004028e+02, 3.24138672e+02, 2.73297943e+02, 3.63535614e+02,
       2.72685547e+02, 4.04345886e+02, 2.72105286e+02, 4.47018402e+02,
       2.71407806e+02, 2.45284515e+02, 3.13013977e+02, 2.82736755e+02,
       3.13109528e+02, 3.21622711e+02, 3.12939117e+02, 3.61592987e+02,
       3.13048950e+02, 4.03312500e+02, 3.13236847e+02, 4.46666107e+02,
       3.13283386e+02, 2.41309860e+02, 3.52946594e+02, 2.79531311e+02,
       3.53529602e+02, 3.18954010e+02, 3.54316498e+02, 3.59898102e+02,
       3.55096344e+02, 4.02391510e+02, 3.55927307e+02, 4.46478333e+02,
       3.56951080e+02, 2.41746140e+02, 1.36244110e+02, 2.72234070e+02,
       1.24759018e+02, 3.03957611e+02, 1.12431839e+02, 3.37583374e+02,
       9.95120926e+01, 3.73181488e+02, 8.58031387e+01, 4.10862457e+02,
       7.12775497e+01, 2.43998810e+02, 1.70287308e+02, 2.74823761e+02,
       1.59594742e+02, 3.07292419e+02, 1.47979858e+02, 3.41436523e+02,
       1.35872604e+02, 3.77788849e+02, 1.22775482e+02, 4.16296875e+02,
       1.09030067e+02, 2.46304108e+02, 2.05329086e+02, 2.77581909e+02,
       1.95194855e+02, 3.10636841e+02, 1.84590927e+02, 3.45576782e+02,
       1.73334290e+02, 3.82556976e+02, 1.61230911e+02, 4.22048004e+02,
       1.48361053e+02, 2.48461258e+02, 2.41551208e+02, 2.80423431e+02,
       2.32186951e+02, 3.14231903e+02, 2.22344101e+02, 3.49742767e+02,
       2.11914688e+02, 3.87511688e+02, 2.00790833e+02, 4.27819611e+02,
       1.89142944e+02, 2.50778122e+02, 2.78814026e+02, 2.83375946e+02,
       2.70358948e+02, 3.17779236e+02, 2.61419952e+02, 3.54204102e+02,
       2.52000504e+02, 3.92781555e+02, 2.41969147e+02, 4.34098297e+02,
       2.31230606e+02, 2.53087570e+02, 3.17566254e+02, 2.86431427e+02,
       3.10088226e+02, 3.21550720e+02, 3.02018646e+02, 3.58842133e+02,
       2.93531860e+02, 3.98311768e+02, 2.84610931e+02, 4.40680878e+02,
       2.75179260e+02, 2.55558456e+02, 3.57823242e+02, 2.89491974e+02,
       3.51212952e+02, 3.25508118e+02, 3.44224915e+02, 3.63619385e+02,
       3.36947540e+02, 4.04212402e+02, 3.29179352e+02, 4.47528534e+02,
       3.20911682e+02, 2.57889404e+02, 3.99749084e+02, 2.92750000e+02,
       3.94224792e+02, 3.29528229e+02, 3.88305969e+02, 3.68762360e+02,
       3.82145630e+02, 4.10410492e+02, 3.75586914e+02, 4.54924591e+02,
       3.68777740e+02, 2.79004883e+02, 4.67140503e+01, 3.18323547e+02,
       5.96115532e+01, 3.58376068e+02, 7.23511963e+01, 3.99618591e+02,
       8.55592270e+01, 4.41937653e+02, 9.88958817e+01, 4.85234467e+02,
       1.12741600e+02, 2.60727661e+02, 7.53828049e+01, 3.00849335e+02,
       8.88560638e+01, 3.42038788e+02, 1.02584007e+02, 3.84223541e+02,
       1.16442085e+02, 4.27692200e+02, 1.30600037e+02, 4.72177917e+02,
       1.45273819e+02, 2.41157089e+02, 1.05739037e+02, 2.82471344e+02,
